f:   1.26652327883194070000e-02 

x:   5.16890610894221520000e-02 
x:   3.56717739959631690000e-01 
x:   1.12889657422218420000e+01 

g:  0.00000000000000000000e+00 
g:  0.00000000000000000000e+00 
g:  -4.05378563065232280000e+00 
g:  -1.09159319895094620000e+00 