PS: [30, 5]
K: [5, 2]
prob: 0.5
phi: 0.2
LS1: 20
LS2: 50
maxLS: 5


min: 1.266523278831941e-02
mean: 1.266523278832825e-02
max: 1.266523278854006e-02
dev: 4.412806959998873e-14

FES: 312.56


SQP