PS: [50, 10]
K: [8, 3]
prob: 0.5
phi: 0.2
LS1: 100
LS2: 200
maxLS: 5


min: 1.266523278831941e-02
mean: 1.266523363183341e-02
max: 1.266524634775049e-02
dev: 2.807165559585337e-09

FES: 535.08


SQP