f:   2.70085714888651340000e-12 

x:   4.90000000000000000000e+01 
x:   1.90000000000000000000e+01 
x:   1.60000000000000000000e+01 
x:   4.30000000000000000000e+01 

g:   