PS: [20, 5]
K: [5, 2]
prob: 0.5
phi: 0.7
LS1: 30
LS2: 100
maxLS: 5


min: 2.700857148886513e-12
mean: 4.650423267050612e-09
max: 2.726450597715287e-08
dev: 6.801606260966825e-09

FEs: 773.0

NOMAD

MAX_FES 799