PS: [150, 10]
K: [10, 3]
prob: 0.5
phi: 0.2
LS1: 100
LS2: 200
maxLS: 5


min: 2.996348164974259e+03
mean: 2.996348164974260e+03
max: 2.996348164974260e+03
dev: 7.541131686492463e-13

FES: 856.40