f:   6.05971433504847030000e+03 

x:   1.30000000000000000000e+01 
x:   7.00000000000000000000e+00 
x:   4.20984455958547840000e+01 
x:   1.76636595842441890000e+02 

g:  -2.66453525910037570000e-15 
g:  -3.58808290155453460000e-02 
g:  -4.42378222942352290000e-09 
g:  -6.33634041575581080000e+01 