PS: [50, 10]
K: [8, 3]
prob: 0.5
phi: 0.5
LS1: 30
LS2: 100
maxLS: 5


min: 6.059714335048470e+03
mean: 6.059714335048472e+03
max: 6.059714335048471e+03
dev: 9.823665547943560e-13

FES: 1101.64