PS: [100, 10]
K: [10, 3]
prob: 0.5
phi: 0.2
LS1: 100
LS2: 200
maxLS: 5


min: 5.885332773616459e+03
mean: 5.885332773655773e+03
max: 5.885332774599241e+03
dev: 1.965560765933875e-07

FES: 318.44

SQP