PS: [100, 10]
K: [10, 3]
prob: 0.5
phi: 0.2
LS1: 50
LS2: 100
maxLS: 5


min: 2.994471066146820e+03 
mean: 2.994471066146821e+03
max: 2.994471066146820e+03 
dev: 9.282491429618473e-13

FES: 491.24


SQP ->  mod equality at x(3)