f:   1.724852308597365e+00 

x:   2.057296397860795e-01 
x:   3.470488665628001e+00 
x:   9.036623910357633e+00 
x:   2.057296397860795e-01 

g:  0.000000000000000e+00 
g:  0.000000000000000e+00 
g:  0.000000000000000e+00 
g:  -3.432983785362248e+00 
g:  -8.072963978607950e-02 
g:  -2.355403225847544e-01 
g:  -1.818989403545857e-12 