PS: [100, 10]
K: [10, 3]
prob: 0.5
phi: 0.2
LS1: 100
LS2: 200
maxLS: 5


min: 1.724852308597365e+00 
mean: 1.724852308598128e+00 
max: 1.724852308615656e+00
dev: 3.654961824779881e-12

FES: 940.68