f:   2.63895843376468410000e+02 

x:   7.88675134600818950000e-01 
x:   4.08248290446875380000e-01 

g:  0.00000000000000000000e+00 
g:  -1.46410161515706650000e+00 
g:  -5.35898384842933730000e-01 
