PS: [30, 5]
K: [5, 2]
prob: 0.5
phi: 0.2
LS1: 20
LS2: 70
maxLS: 5


min: 2.638958433764684e+02
mean: 2.638958433764688e+02
max: 2.638958433764784e+02 
dev: 1.998668011654435e-12

FES: 136.48


SQP