PS: [20, 5]
K: [7, 2]
prob: 0.5
phi: 0.7
LS1: 100
LS2: 200
maxLS: 5


min: 3.136566105344049e-01
mean: 3.136566105344050e-01
max: 3.136566105344049e-01
dev: 1.133116629592099e-16

FEs: 286.48


NOMAD